25		4238.14		9747.089115
20		2539.06		5735.200032
16.667	1855.04		4077.287517
13.557	1443.05		3015.307046
12.583	1349.04		2749.281047
12.124	1311.04		2635.262575
11.255	1226.04		2394.222225
10.499	1149.03		2174.181854
9.747	1064.02		1935.144034
9.653	1053.02		1904.139034
9.497	1030.02		1846.13109
8.636	908.31		1525.088181
8.576	897.71		1499.085495
7.955	781.70		1224.062001
7.479	662.92		973.1519992
7.082	552.25		757.4557519
6.725	444.05		564.6802213
6.402	359.35		422.8389712
6.105	330.94		363.0197748
6.061	332.09		360.3309867
5.627	415.87		390.6212944
5.525	439.42		393.0435534
5.236	449.76		338.8470451
4.988	331.09		196.0585701
4.88	325.56		139.0128142
4.808	460.64		156.7415018
4.78	553.37		180.4100055
4.682	1078.57		308.6666351
4.664	1213.22		337.2266828
4.589	1961.77		469.2059356
4.498	3454.73		645.1283879
4.47	4189.36		704.812099
4.411	6432.17		827.1879192
4.378	8333.66		899.6776492
4.329	11988.98	1003.066961
4.318	12808.27	1029.065044
4.292	14065.90	1083.061268
4.286	14155.26	1092.060763
4.259	13821.86	1148.058201
4.207	11146.39	1247.05564
4.125	7631.51		1385.056407
4.049	5718.20		1483.060177
3.979	4556.69		1534.065076
3.5		447.58		516.1219705
3.053	114.14		177.5028613
2.783	498.66		1326.094726
2.515	332.62		654.167095
2.46	228.97		485.716115
2.409	119.03		201.7822155
2.36	280.92		751.6977202
2.313	353.94		1166.440123
2.267	199.61		1144.359948
2.224	74.67		699.6670391
2.182	165.65		181.4570153
2.141	212.89		422.5859824
1.864	249.35		281.2503803
1.651	101.85		467.2411904
1.481	32.87		458.998573
1.343	59.28		1112.188209
1.25	23.47		403.8797996